ISS (ZARYA)             
1 25544U 98067A   23300.51518819  .00015824  00000+0  28768-3 0  9999
2 25544  51.6441  33.0859 0000879 107.5541   8.7255 15.49699989422316
ISS DEB                 
1 47853U 98067RZ  23300.11630071  .00063989  00000+0  35087-3 0  9994
2 47853  51.6314 342.6464 0004139  21.7674 338.3502 15.79166398149577
CSS (TIANHE)            
1 48274U 21035A   23300.52510564  .00019767  00000+0  23779-3 0  9992
2 48274  41.4711  70.1678 0004635 338.1417  21.9223 15.60354352142526
ISS (NAUKA)             
1 49044U 21066A   23299.54386353  .00013894  00000+0  25390-3 0  9994
2 49044  51.6427  37.8931 0000720 115.8924 337.9307 15.49670266422161
FREGAT DEB              
1 49271U 11037PF  23300.18792879  .00039531  00000+0  98147-1 0  9994
2 49271  51.6474 293.8413 0989360 347.6988  10.1218 12.08019840106825
CSS (WENTIAN)           
1 53239U 22085A   23299.43701205  .00023280  00000+0  27986-3 0  9995
2 53239  41.4711  76.7859 0004816 329.8861  30.1700 15.60292320142356
CSS (MENGTIAN)          
1 54216U 22143A   23299.43701205  .00023280  00000+0  27986-3 0  9996
2 54216  41.4711  76.7859 0004816 329.8861  30.1700 15.60292320142352
ISS DEB (SPX-26 IPA FSE)
1 55448U 98067VB  23299.91734940  .00152593  00000+0  76666-3 0  9996
2 55448  51.6325  11.2647 0005261 316.1153  43.9430 15.80716398 41933
ARKSAT 1                
1 56311U 98067VC  23300.40518213  .01759826  26654-2  14512-2 0  9996
2 56311  51.6204  10.6669 0010159 354.8238   5.2670 16.13820475 29157
EX-ALTA-2               
1 56313U 98067VE  23300.47274427  .04835384  12113-4  12695-2 0  9995
2 56313  51.6106   9.5495 0008100 344.7592  15.3184 16.27644440 29195
NEUDOSE                 
1 56315U 98067VG  23300.44489166  .00302130  00000+0  13825-2 0  9999
2 56315  51.6282  17.7840 0006158 334.0722  25.9971 15.82307790 29066
YUKONSAT                
1 56316U 98067VH  23300.46519862  .00514265  11592-3  14191-2 0  9992
2 56316  51.6277  14.1266 0008365 347.7996  12.2808 15.93261923 29135
ISS DEB                 
1 56434U 98067VJ  23300.48811259  .00174654  00000+0  10745-2 0  9993
2 56434  51.6341  20.3749 0005886 317.4352  42.6191 15.76133918 27603
TIANZHOU-6              
1 56446U 23063A   23299.43701205  .00023280  00000+0  27986-3 0  9995
2 56446  41.4711  76.7859 0004816 329.8861  30.1700 15.60292320142359
PROGRESS-MS 23          
1 56740U 23071A   23299.54386353  .00013894  00000+0  25390-3 0  9993
2 56740  51.6427  37.8931 0000720 115.8924 337.9307 15.49670266422162
SHENZHOU-16 (SZ-16)     
1 56761U 23077A   23299.43701205  .00023280  00000+0  27986-3 0  9990
2 56761  41.4711  76.7859 0004816 329.8861  30.1700 15.60292320142359
ISS DEB                 
1 57212U 98067VP  23299.98266753  .00054980  00000+0  69846-3 0  9999
2 57212  51.6388  32.0339 0002188 213.9994 146.0859 15.58850217 19214
1998-067VQ              
1 57312U 98067VQ  23300.49354330  .00129702  00000+0  11618-2 0  9996
2 57312  51.6374  27.1938 0007822 330.5648  29.4907 15.67372551 17623
1998-067VR              
1 57313U 98067VR  23300.41683674  .00113286  00000+0  11250-2 0  9997
2 57313  51.6369  28.1826 0006095 338.2489  21.8246 15.64882787 17619
1998-067VS              
1 57314U 98067VS  23299.27278243  .00574513  13587-3  19918-2 0  9992
2 57314  51.6262  28.7114 0012980 344.9818  15.0800 15.88735685 17495
1998-067VT              
1 57315U 98067VT  23300.48347350  .00131118  00000+0  11606-2 0  9993
2 57315  51.6359  27.1194 0007871 328.1191  31.9329 15.67659220 17631
MOONLIGHTER             
1 57316U 98067VU  23300.54300470  .00046291  00000+0  48807-3 0  9994
2 57316  51.6371  26.7721 0004007 288.0985  71.9574 15.63761589 17634
1998-067VV              
1 57317U 98067VV  23300.48167233  .00297583  00000+0  17373-2 0  9991
2 57317  51.6384  24.8697 0010473 336.8656  23.1871 15.76914665 17651
MAYA-5                  
1 57419U 98067VW  23300.49845160  .00234819  00000+0  16670-2 0  9999
2 57419  51.6331  26.4528 0007142 324.4330  35.6191 15.72625579 15647
MAYA-6                  
1 57420U 98067VX  23300.50814378  .00226356  00000+0  16547-2 0  9990
2 57420  51.6326  26.5124 0006853 322.5443  37.5077 15.71962653 15648
CYGNUS NG-19            
1 57488U 23110A   23299.54386353  .00013894  00000+0  25390-3 0  9997
2 57488  51.6427  37.8931 0000720 115.8924 337.9307 15.49670266422162
PROGRESS-MS 24          
1 57691U 23125A   23299.54386353  .00013894  00000+0  25390-3 0  9999
2 57691  51.6427  37.8931 0000720 115.8924 337.9307 15.49670266422168
CREW DRAGON 7           
1 57697U 23128A   23299.54386353  .00013894  00000+0  25390-3 0  9998
2 57697  51.6427  37.8931 0000720 115.8924 337.9307 15.49670266422164
SOYUZ-MS 24             
1 57862U 23143A   23299.54386353  .00013894  00000+0  25390-3 0  9999
2 57862  51.6427  37.8931 0000720 115.8924 337.9307 15.49670266422168
SHENZHOU-17 (SZ-17)     
1 58146U 23164A   23299.43701205  .00023280  00000+0  27986-3 0  9996
2 58146  41.4711  76.7859 0004816 329.8861  30.1700 15.60292320142358
2023-164B               
1 58147U 23164B   23300.44128535  .06443005  74072-5  43087-2 0  9992
2 58147  41.4707  70.2034 0099780 134.4023 295.2097 16.05471172   206
